mcnp       6     11/02/16 10:24:06    15          500000    256891897666
 c ------------------------------------------------------                       
ntal     3
   18   28   38
tally   18                   -2    0    1
 0 1 1 0 0 0 0 0 0 0 0 0 0 0 0 0 0 0 0 0 0 0 0 0 0 0 0 0 0 0 0 0 0 0 0 0 0
f        1
     51
d        1
u        0
s        0
m        0
c        0
e        0
t        0
vals
  1.35551E-03 0.0172
tfc   16       1       1       1       1       1       1       1       1
          32000  1.32833E-03  6.73471E-02  1.04106E+00
          64000  1.29621E-03  4.87268E-02  9.92179E-01
          96000  1.30330E-03  3.96347E-02  9.99553E-01
         128000  1.29869E-03  3.43420E-02  9.98706E-01
         160000  1.31464E-03  3.06328E-02  1.00328E+00
         192000  1.33859E-03  2.77059E-02  1.02166E+00
         224000  1.36891E-03  2.54102E-02  1.04074E+00
         256000  1.35586E-03  2.38776E-02  1.03206E+00
         288000  1.34888E-03  2.25504E-02  1.02827E+00
         320000  1.35729E-03  2.13756E-02  1.02991E+00
         352000  1.36175E-03  2.04064E-02  1.02719E+00
         384000  1.36635E-03  1.95103E-02  1.02949E+00
         416000  1.36294E-03  1.87802E-02  1.02558E+00
         448000  1.36472E-03  1.80943E-02  1.02600E+00
         480000  1.35878E-03  1.75026E-02  1.02316E+00
         500000  1.35551E-03  1.71650E-02  1.02107E+00
tally   28                   -2    0    1
 0 1 1 0 0 0 0 0 0 0 0 0 0 0 0 0 0 0 0 0 0 0 0 0 0 0 0 0 0 0 0 0 0 0 0 0 0
f        1
     51
d        1
u        0
s        0
m        0
c        0
e        0
t        0
vals
  3.39583E-03 0.0106
tfc   16       1       1       1       1       1       1       1       1
          32000  3.19236E-03  4.40697E-02  2.43127E+00
          64000  3.30402E-03  3.09004E-02  2.46717E+00
          96000  3.37569E-03  2.46102E-02  2.59254E+00
         128000  3.40538E-03  2.12610E-02  2.60568E+00
         160000  3.39771E-03  1.88892E-02  2.63857E+00
         192000  3.40737E-03  1.71994E-02  2.65107E+00
         224000  3.43399E-03  1.59095E-02  2.65488E+00
         256000  3.41801E-03  1.48680E-02  2.66184E+00
         288000  3.39328E-03  1.40176E-02  2.66114E+00
         320000  3.38957E-03  1.33164E-02  2.65374E+00
         352000  3.39236E-03  1.27105E-02  2.64765E+00
         384000  3.40181E-03  1.21410E-02  2.65850E+00
         416000  3.40451E-03  1.16529E-02  2.66383E+00
         448000  3.39135E-03  1.12344E-02  2.66152E+00
         480000  3.40455E-03  1.08452E-02  2.66487E+00
         500000  3.39583E-03  1.06354E-02  2.65971E+00
tally   38                   -2    0    1
 0 1 1 0 0 0 0 0 0 0 0 0 0 0 0 0 0 0 0 0 0 0 0 0 0 0 0 0 0 0 0 0 0 0 0 0 0
f        1
     51
d        1
u        0
s        0
m        0
c        0
e        0
t        0
vals
  3.30941E-03 0.0108
tfc   16       1       1       1       1       1       1       1       1
          32000  3.15647E-03  4.30741E-02  2.54496E+00
          64000  3.23438E-03  3.03107E-02  2.56409E+00
          96000  3.27227E-03  2.46209E-02  2.59029E+00
         128000  3.31390E-03  2.12066E-02  2.61906E+00
         160000  3.29487E-03  1.90763E-02  2.58707E+00
         192000  3.32089E-03  1.73361E-02  2.60942E+00
         224000  3.30591E-03  1.60560E-02  2.60667E+00
         256000  3.29236E-03  1.50094E-02  2.61191E+00
         288000  3.29885E-03  1.41418E-02  2.61460E+00
         320000  3.29194E-03  1.34367E-02  2.60646E+00
         352000  3.29882E-03  1.28248E-02  2.60069E+00
         384000  3.27978E-03  1.22938E-02  2.59284E+00
         416000  3.28163E-03  1.18135E-02  2.59187E+00
         448000  3.28915E-03  1.13940E-02  2.58747E+00
         480000  3.30320E-03  1.09978E-02  2.59143E+00
         500000  3.30941E-03  1.07676E-02  2.59478E+00
