mcnp       6     11/01/16 16:12:06     9          500000    134072858773
 c ------------------------------------------------------                       
ntal     3
   18   28   38
tally   18                   -2    0    1
 0 1 1 0 0 0 0 0 0 0 0 0 0 0 0 0 0 0 0 0 0 0 0 0 0 0 0 0 0 0 0 0 0 0 0 0 0
f        1
     51
d        1
u        0
s        0
m        0
c        0
e        0
t        0
vals
  1.36601E-03 0.0172
tfc   16       1       1       1       1       1       1       1       1
          32000  1.27834E-03  7.19288E-02  1.74327E+00
          64000  1.32742E-03  4.84540E-02  1.91435E+00
          96000  1.34360E-03  4.03178E-02  1.83410E+00
         128000  1.33897E-03  3.47797E-02  1.85435E+00
         160000  1.35764E-03  3.09384E-02  1.87735E+00
         192000  1.34331E-03  2.83089E-02  1.87046E+00
         224000  1.36070E-03  2.59819E-02  1.90483E+00
         256000  1.37151E-03  2.40919E-02  1.93996E+00
         288000  1.36773E-03  2.27363E-02  1.93631E+00
         320000  1.36524E-03  2.14309E-02  1.96204E+00
         352000  1.35574E-03  2.04673E-02  1.95614E+00
         384000  1.34903E-03  1.95958E-02  1.95638E+00
         416000  1.35537E-03  1.88226E-02  1.95785E+00
         448000  1.35552E-03  1.81817E-02  1.94917E+00
         480000  1.36349E-03  1.75477E-02  1.95310E+00
         500000  1.36601E-03  1.71649E-02  1.95940E+00
tally   28                   -2    0    1
 0 1 1 0 0 0 0 0 0 0 0 0 0 0 0 0 0 0 0 0 0 0 0 0 0 0 0 0 0 0 0 0 0 0 0 0 0
f        1
     51
d        1
u        0
s        0
m        0
c        0
e        0
t        0
vals
  3.38583E-03 0.0107
tfc   16       1       1       1       1       1       1       1       1
          32000  3.38541E-03  4.14135E-02  5.25881E+00
          64000  3.46295E-03  2.95905E-02  5.13307E+00
          96000  3.45314E-03  2.42178E-02  5.08332E+00
         128000  3.40351E-03  2.10391E-02  5.06746E+00
         160000  3.45672E-03  1.87402E-02  5.11675E+00
         192000  3.46266E-03  1.70316E-02  5.16755E+00
         224000  3.46208E-03  1.57413E-02  5.18934E+00
         256000  3.41514E-03  1.47847E-02  5.15124E+00
         288000  3.38820E-03  1.39825E-02  5.11965E+00
         320000  3.40684E-03  1.32677E-02  5.11916E+00
         352000  3.39674E-03  1.26519E-02  5.11931E+00
         384000  3.38684E-03  1.21439E-02  5.09408E+00
         416000  3.37848E-03  1.16989E-02  5.06817E+00
         448000  3.37744E-03  1.12751E-02  5.06847E+00
         480000  3.37504E-03  1.08990E-02  5.06275E+00
         500000  3.38583E-03  1.06586E-02  5.08163E+00
tally   38                   -2    0    1
 0 1 1 0 0 0 0 0 0 0 0 0 0 0 0 0 0 0 0 0 0 0 0 0 0 0 0 0 0 0 0 0 0 0 0 0 0
f        1
     51
d        1
u        0
s        0
m        0
c        0
e        0
t        0
vals
  3.34346E-03 0.0107
tfc   16       1       1       1       1       1       1       1       1
          32000  3.40133E-03  4.15641E-02  5.22076E+00
          64000  3.36369E-03  2.93382E-02  5.22174E+00
          96000  3.48206E-03  2.39046E-02  5.21741E+00
         128000  3.40451E-03  2.08129E-02  5.17819E+00
         160000  3.36775E-03  1.86755E-02  5.15226E+00
         192000  3.35671E-03  1.71272E-02  5.11000E+00
         224000  3.32513E-03  1.59308E-02  5.06667E+00
         256000  3.31623E-03  1.49424E-02  5.04308E+00
         288000  3.34085E-03  1.40741E-02  5.05327E+00
         320000  3.34376E-03  1.33879E-02  5.02763E+00
         352000  3.32120E-03  1.27924E-02  5.00749E+00
         384000  3.33881E-03  1.22383E-02  5.01579E+00
         416000  3.34698E-03  1.17723E-02  5.00513E+00
         448000  3.35401E-03  1.13189E-02  5.02934E+00
         480000  3.36381E-03  1.09159E-02  5.04708E+00
         500000  3.34346E-03  1.07379E-02  5.00690E+00
