mcnpx      2.7.0  11/01/16 16:29:51    2          159        1601753
 c ------------------------------------------------------                       
ntal     3
   18   28   38
tally   18   -2    0
 0 1 1 0 0 0 0 0 0 0 0 0 0 0 0 0 0 0 0 0 0 0 0 0 0 0 0 0 0 0 0 0 0 0 0
f        1
     51
d        1
u        0
s        0
m        0
c        0
e        0
t        0
vals
  1.86393E-03 0.7171
tfc    1       1       1       1       1       1       1       1       1
        159  1.86393E-03  7.17105E-01  1.20342E+00
tally   28   -2    0
 0 1 1 0 0 0 0 0 0 0 0 0 0 0 0 0 0 0 0 0 0 0 0 0 0 0 0 0 0 0 0 0 0 0 0
f        1
     51
d        1
u        0
s        0
m        0
c        0
e        0
t        0
vals
  1.16437E-03 0.8219
tfc    1       1       1       1       1       1       1       1       1
        159  1.16437E-03  8.21854E-01  9.16206E-01
tally   38   -2    0
 0 1 1 0 0 0 0 0 0 0 0 0 0 0 0 0 0 0 0 0 0 0 0 0 0 0 0 0 0 0 0 0 0 0 0
f        1
     51
d        1
u        0
s        0
m        0
c        0
e        0
t        0
vals
  6.43557E-03 0.4216
tfc    1       1       1       1       1       1       1       1       1
        159  6.43557E-03  4.21555E-01  3.48236E+00
