mcnp       6     11/01/16 14:33:51     4          500000     42860797860
 c ------------------------------------------------------                       
ntal     3
   18   28   38
tally   18                   -2    0    1
 0 1 1 0 0 0 0 0 0 0 0 0 0 0 0 0 0 0 0 0 0 0 0 0 0 0 0 0 0 0 0 0 0 0 0 0 0
f        1
     51
d        1
u        0
s        0
m        0
c        0
e        0
t        0
vals
  1.29513E-03 0.0173
tfc   16       1       1       1       1       1       1       1       1
          32000  1.25511E-03  6.89974E-02  5.95829E+00
          64000  1.25134E-03  4.95451E-02  5.69431E+00
          96000  1.24541E-03  4.02092E-02  5.73520E+00
         128000  1.24549E-03  3.46164E-02  5.79828E+00
         160000  1.28953E-03  3.05424E-02  5.95180E+00
         192000  1.30304E-03  2.77185E-02  6.01623E+00
         224000  1.29836E-03  2.56892E-02  5.99899E+00
         256000  1.29236E-03  2.40470E-02  5.98910E+00
         288000  1.27557E-03  2.28859E-02  5.87445E+00
         320000  1.28217E-03  2.16269E-02  5.91773E+00
         352000  1.29028E-03  2.06272E-02  5.91310E+00
         384000  1.29167E-03  1.97598E-02  5.90294E+00
         416000  1.29961E-03  1.89326E-02  5.93380E+00
         448000  1.30515E-03  1.82078E-02  5.95729E+00
         480000  1.29650E-03  1.76522E-02  5.91491E+00
         500000  1.29513E-03  1.73008E-02  5.91001E+00
tally   28                   -2    0    1
 0 1 1 0 0 0 0 0 0 0 0 0 0 0 0 0 0 0 0 0 0 0 0 0 0 0 0 0 0 0 0 0 0 0 0 0 0
f        1
     51
d        1
u        0
s        0
m        0
c        0
e        0
t        0
vals
  3.38558E-03 0.0106
tfc   16       1       1       1       1       1       1       1       1
          32000  3.12477E-03  4.22294E-02  1.59058E+01
          64000  3.18704E-03  2.99100E-02  1.56246E+01
          96000  3.26756E-03  2.44127E-02  1.55585E+01
         128000  3.32358E-03  2.11015E-02  1.56040E+01
         160000  3.35403E-03  1.87691E-02  1.57606E+01
         192000  3.36428E-03  1.71428E-02  1.57289E+01
         224000  3.34545E-03  1.59418E-02  1.55777E+01
         256000  3.33714E-03  1.48661E-02  1.56706E+01
         288000  3.34103E-03  1.39928E-02  1.57142E+01
         320000  3.35108E-03  1.32900E-02  1.56708E+01
         352000  3.36465E-03  1.26813E-02  1.56447E+01
         384000  3.37677E-03  1.21304E-02  1.56634E+01
         416000  3.38143E-03  1.16488E-02  1.56745E+01
         448000  3.38954E-03  1.12123E-02  1.57099E+01
         480000  3.38475E-03  1.08238E-02  1.57320E+01
         500000  3.38558E-03  1.06130E-02  1.57052E+01
tally   38                   -2    0    1
 0 1 1 0 0 0 0 0 0 0 0 0 0 0 0 0 0 0 0 0 0 0 0 0 0 0 0 0 0 0 0 0 0 0 0 0 0
f        1
     51
d        1
u        0
s        0
m        0
c        0
e        0
t        0
vals
  3.36787E-03 0.0107
tfc   16       1       1       1       1       1       1       1       1
          32000  3.39971E-03  4.24092E-02  1.57713E+01
          64000  3.49205E-03  2.96608E-02  1.58883E+01
          96000  3.43967E-03  2.40959E-02  1.59703E+01
         128000  3.39791E-03  2.09876E-02  1.57738E+01
         160000  3.44383E-03  1.87004E-02  1.58765E+01
         192000  3.42116E-03  1.70653E-02  1.58721E+01
         224000  3.42122E-03  1.58007E-02  1.58571E+01
         256000  3.37039E-03  1.49052E-02  1.55887E+01
         288000  3.38121E-03  1.40424E-02  1.56034E+01
         320000  3.37842E-03  1.33516E-02  1.55266E+01
         352000  3.35946E-03  1.27494E-02  1.54780E+01
         384000  3.36642E-03  1.22075E-02  1.54661E+01
         416000  3.36551E-03  1.17343E-02  1.54470E+01
         448000  3.35803E-03  1.13078E-02  1.54458E+01
         480000  3.35769E-03  1.09319E-02  1.54226E+01
         500000  3.36787E-03  1.07011E-02  1.54476E+01
