espectro
1 0  -10 imp:e=1 
98 0  -999 10 imp:e=1
99 0  999 imp:e=0 

10 so 10 
999 so 100 

mode  e 
sdef erg d1 pos=0 0 0 par 3
c Espectro normalizado a una transicion nuclear [Bq s] 
c Distribucion continua 
#    si1   sp1 
       A           D   
      -1           0  
       0.000000e+00       3.379000e-01 
       1.000000e-04       3.379000e-01 
       1.100000e-04       3.379000e-01 
       1.200000e-04       3.379000e-01 
       1.300000e-04       3.379000e-01 
       1.400000e-04       3.379000e-01 
       1.500000e-04       3.379000e-01 
       1.600000e-04       3.379000e-01 
       1.800000e-04       3.379000e-01 
       2.000000e-04       3.380000e-01 
       2.200000e-04       3.380000e-01 
       2.400000e-04       3.380000e-01 
       2.600000e-04       3.380000e-01 
       2.800000e-04       3.380000e-01 
       3.000000e-04       3.380000e-01 
       3.200000e-04       3.380000e-01 
       3.600000e-04       3.380000e-01 
       4.000000e-04       3.380000e-01 
       4.500000e-04       3.380000e-01 
       5.000000e-04       3.380000e-01 
       5.500000e-04       3.380000e-01 
       6.000000e-04       3.380000e-01 
       6.500000e-04       3.380000e-01 
       7.000000e-04       3.380000e-01 
       7.500000e-04       3.380000e-01 
       8.000000e-04       3.380000e-01 
       8.500000e-04       3.380000e-01 
       9.000000e-04       3.380000e-01 
       1.000000e-03       3.380000e-01 
       1.100000e-03       3.380000e-01 
       1.200000e-03       3.380000e-01 
       1.300000e-03       3.380000e-01 
       1.400000e-03       3.380000e-01 
       1.500000e-03       3.380000e-01 
       1.600000e-03       3.381000e-01 
       1.800000e-03       3.381000e-01 
       2.000000e-03       3.381000e-01 
       2.200000e-03       3.381000e-01 
       2.400000e-03       3.381000e-01 
       2.600000e-03       3.381000e-01 
       2.800000e-03       3.381000e-01 
       3.000000e-03       3.382000e-01 
       3.200000e-03       3.382000e-01 
       3.600000e-03       3.382000e-01 
       4.000000e-03       3.382000e-01 
       4.500000e-03       3.383000e-01 
       5.000000e-03       3.383000e-01 
       5.500000e-03       3.383000e-01 
       6.000000e-03       3.385000e-01 
       6.500000e-03       3.388000e-01 
       7.000000e-03       3.391000e-01 
       7.500000e-03       3.394000e-01 
       8.000000e-03       3.398000e-01 
       8.500000e-03       3.401000e-01 
       9.000000e-03       3.404000e-01 
       1.000000e-02       3.410000e-01 
       1.100000e-02       3.416000e-01 
       1.200000e-02       3.422000e-01 
       1.300000e-02       3.428000e-01 
       1.400000e-02       3.435000e-01 
       1.500000e-02       3.441000e-01 
       1.600000e-02       3.447000e-01 
       1.800000e-02       3.459000e-01 
       2.000000e-02       3.472000e-01 
       2.200000e-02       3.484000e-01 
       2.400000e-02       3.497000e-01 
       2.600000e-02       3.510000e-01 
       2.800000e-02       3.523000e-01 
       3.000000e-02       3.536000e-01 
       3.200000e-02       3.550000e-01 
       3.600000e-02       3.577000e-01 
       4.000000e-02       3.605000e-01 
       4.500000e-02       3.641000e-01 
       5.000000e-02       3.677000e-01 
       5.500000e-02       3.713000e-01 
       6.000000e-02       3.750000e-01 
       6.500000e-02       3.788000e-01 
       7.000000e-02       3.825000e-01 
       7.500000e-02       3.863000e-01 
       8.000000e-02       3.900000e-01 
       8.500000e-02       3.938000e-01 
       9.000000e-02       3.975000e-01 
       1.000000e-01       4.050000e-01 
       1.100000e-01       4.124000e-01 
       1.200000e-01       4.197000e-01 
       1.300000e-01       4.269000e-01 
       1.400000e-01       4.340000e-01 
       1.500000e-01       4.410000e-01 
       1.600000e-01       4.479000e-01 
       1.800000e-01       4.612000e-01 
       2.000000e-01       4.740000e-01 
       2.200000e-01       4.862000e-01 
       2.400000e-01       4.978000e-01 
       2.600000e-01       5.089000e-01 
       2.800000e-01       5.194000e-01 
       3.000000e-01       5.294000e-01 
       3.200000e-01       5.387000e-01 
       3.600000e-01       5.559000e-01 
       4.000000e-01       5.709000e-01 
       4.500000e-01       5.868000e-01 
       5.000000e-01       5.998000e-01 
       5.500000e-01       6.102000e-01 
       6.000000e-01       6.181000e-01 
       6.500000e-01       6.238000e-01 
       7.000000e-01       6.274000e-01 
       7.500000e-01       6.292000e-01 
       8.000000e-01       6.292000e-01 
       8.500000e-01       6.276000e-01 
       9.000000e-01       6.245000e-01 
       1.000000e+00       6.141000e-01 
       1.100000e+00       5.979000e-01 
       1.200000e+00       5.756000e-01 
       1.300000e+00       5.466000e-01 
       1.400000e+00       5.099000e-01 
       1.500000e+00       4.647000e-01 
       1.600000e+00       4.105000e-01 
       1.800000e+00       2.771000e-01 
       2.000000e+00       1.276000e-01 
       2.200000e+00       1.403000e-02 
       2.280100e+00       0.000000e+00
c tally 
f1:e 10
e1 1e-5 1e-3 200i 3 
c PRINT 
print -85 -86 -128
prdmp 0 -60 1 1
c ptrac file=asc event=src write=all 
c tiempo [m] 
ctme 960
       
